70
400
620
730
6000
6060
12210
20900
20920
32350
32370
32430
32440
32470
32500
32510
35140
200260
201810
208650
209000
219990
220240
230410
238320
241930
251570
252950
274520
275850
292030
304050
306130
311210
322170
332800
335300
350080
359550
359840
379430
427920
431960
470220
474960
526870
570940
636040
638970
674940
738060
814380
823130
871720
892970
945360
976730
990080
1064610
1091500
1119980
1139900
1158310
1172380
1172470
1225570
1237950
1284410
1328670
1332010
1336490
1426210
1583230
1625450
1774580
1938090
2075730
2076040
2325290
2677660
3081410
3164500
3354750
3527290
3717330
